222222222222222222
内参矩阵:
 [[435.43064531   0.         423.71639319]
 [  0.         435.4594519  244.3659211 ]
 [  0.           0.           1.        ]]
畸变系数:
 [[-0.0538438   0.06885799 -0.00069984  0.00093534 -0.02890363]]
++++++++++相机标定完成++++++++++++++

========== 1. cv2.calibrateHandEye (5 Methods) ==========
--- Method: Tsai ---
R_cam2gripper:
 [[-0.02052042 -0.30951247  0.95067394]
 [-0.99954566 -0.01464538 -0.02634345]
 [ 0.02207661 -0.9507826  -0.30907131]]
t_cam2gripper:
 [-0.19387383  0.01075272  0.10919475]
--- Method: Park ---
R_cam2gripper:
 [[-0.01072984 -0.32316352  0.94628231]
 [-0.99978629 -0.01325585 -0.01586351]
 [ 0.01767029 -0.9462503  -0.32295222]]
t_cam2gripper:
 [-0.19394599  0.00989878  0.10972826]
--- Method: Horaud ---
R_cam2gripper:
 [[-0.0106491  -0.32290035  0.94637306]
 [-0.99978767 -0.01325859 -0.01577395]
 [ 0.01764098 -0.94634009 -0.3226906 ]]
t_cam2gripper:
 [-0.19394822  0.00989697  0.10971947]
--- Method: Andreff ---
R_cam2gripper:
 [[-0.01101362 -0.32327194  0.94624202]
 [-0.99982694 -0.01062861 -0.01526844]
 [ 0.01499309 -0.94624642 -0.32309893]]
t_cam2gripper:
 [-0.1163484   0.00809598  0.09639132]
--- Method: Daniilidis ---
R_cam2gripper:
 [[-0.01874588 -0.31165619  0.95001001]
 [-0.99960063 -0.01425453 -0.0244007 ]
 [ 0.02114657 -0.95008801 -0.31126451]]
t_cam2gripper:
 [-0.20215128  0.00916838  0.11014221]

 === Result: Camera to EndEffector ===
[[-0.02065144 -0.31303742  0.94951624 -0.19251781]
 [-0.99957988 -0.01285334 -0.02597779  0.0109262 ]
 [ 0.02033648 -0.94965381 -0.31264047  0.10989852]
 [ 0.          0.          0.          1.        ]]

Translation (x,y,z): [-0.19251781  0.0109262   0.10989852]
Rotation:
 [[-0.02065144 -0.31303742  0.94951624]
 [-0.99957988 -0.01285334 -0.02597779]
 [ 0.02033648 -0.94965381 -0.31264047]]

 11111111111111
 内参矩阵:
 [[435.75600787   0.         423.51396062]
 [  0.         435.67414187 243.52287949]
 [  0.           0.           1.        ]]
畸变系数:
 [[-0.06143883  0.11244488 -0.00089224  0.00102269 -0.09769332]]
++++++++++相机标定完成++++++++++++++

========== 1. cv2.calibrateHandEye (5 Methods) ==========
--- Method: Tsai ---
R_cam2gripper:
 [[-0.01029581 -0.29120557  0.9566051 ]
 [-0.99972631 -0.01710003 -0.01596544]
 [ 0.0210072  -0.95650766 -0.29094981]]
t_cam2gripper:
 [-0.19404006  0.0103      0.10938669]
--- Method: Park ---
R_cam2gripper:
 [[-0.00611559 -0.30265745  0.95307978]
 [-0.99995419 -0.00516656 -0.00805704]
 [ 0.00736266 -0.9530854  -0.30261199]]
t_cam2gripper:
 [-0.19322858  0.0103105   0.10957186]
--- Method: Horaud --- 可以 
R_cam2gripper:
 [[-0.00609262 -0.30277251  0.95304338]
 [-0.9999547  -0.00512515 -0.00802072]
 [ 0.00731294 -0.95304907 -0.30272757]]
t_cam2gripper:
 [-0.19322195  0.01031036  0.10957433]
--- Method: Daniilidis ---
R_cam2gripper:
 [[-0.01012632 -0.29186549  0.95640577]
 [-0.99971712 -0.01762961 -0.01596491]
 [ 0.02152067 -0.95629688 -0.29160441]]
t_cam2gripper:
 [-0.19921009  0.01013701  0.10966985]
